L[0][0]=1.000000
L[0][1]=0.000000
L[0][2]=0.000000
L[1][0]=1.500000
L[1][1]=1.000000
L[1][2]=0.000000
L[2][0]=0.000000
L[2][1]=0.222222
L[2][2]=1.000000
