U[0][0]=2.000000
U[0][1]=3.000000
U[0][2]=0.000000
U[1][0]=0.000000
U[1][1]=-4.500000
U[1][2]=4.000000
U[2][0]=0.000000
U[2][1]=0.000000
U[2][2]=-3.888889
